+---------+------------+-------------+-------------+-------------+-------------+------------+--------+------------------+-----------------+-------------------+
| month   | gmv        | product_gmv | freight_gmv | order_count | buyer_count | item_count | aov    | orders_per_buyer | items_per_order | freight_share_pct |
+---------+------------+-------------+-------------+-------------+-------------+------------+--------+------------------+-----------------+-------------------+
| 2016-09 |     143.46 |      134.97 |        8.49 |           1 |           1 |          3 | 143.46 |            1.000 |           3.000 |              5.92 |
| 2016-10 |   45831.82 |    39738.17 |     6093.65 |         261 |         258 |        308 | 175.60 |            1.012 |           1.180 |             13.30 |
| 2016-12 |      19.62 |       10.90 |        8.72 |           1 |           1 |          1 |  19.62 |            1.000 |           1.000 |             44.44 |
| 2017-01 |  127275.72 |   111609.71 |    15666.01 |         749 |         718 |        911 | 169.93 |            1.043 |           1.216 |             12.31 |
| 2017-02 |  270783.43 |   233832.81 |    36950.62 |        1651 |        1628 |       1854 | 164.01 |            1.014 |           1.123 |             13.65 |
| 2017-03 |  414216.88 |   359109.85 |    55107.03 |        2545 |        2507 |       2895 | 162.76 |            1.015 |           1.138 |             13.30 |
| 2017-04 |  390812.40 |   340669.68 |    50142.72 |        2303 |        2274 |       2569 | 169.70 |            1.013 |           1.116 |             12.83 |
| 2017-05 |  566530.61 |   489048.27 |    77482.34 |        3545 |        3478 |       4002 | 159.81 |            1.019 |           1.129 |             13.68 |
| 2017-06 |  489871.24 |   421781.48 |    68089.76 |        3134 |        3075 |       3487 | 156.31 |            1.019 |           1.113 |             13.90 |
| 2017-07 |  564236.13 |   480004.62 |    84231.51 |        3861 |        3791 |       4387 | 146.14 |            1.018 |           1.136 |             14.93 |
| 2017-08 |  645293.97 |   554227.91 |    91066.06 |        4191 |        4112 |       4793 | 153.97 |            1.019 |           1.144 |             14.11 |
| 2017-09 |  701077.49 |   607399.67 |    93677.82 |        4150 |        4083 |       4737 | 168.93 |            1.016 |           1.141 |             13.36 |
| 2017-10 |  751117.01 |   648247.65 |   102869.36 |        4478 |        4417 |       5214 | 167.73 |            1.014 |           1.164 |             13.70 |
| 2017-11 | 1153364.20 |   987765.37 |   165598.83 |        7289 |        7183 |       8475 | 158.23 |            1.015 |           1.163 |             14.36 |
| 2017-12 |  843078.29 |   726033.19 |   117045.10 |        5513 |        5450 |       6187 | 152.93 |            1.012 |           1.122 |             13.88 |
| 2018-01 | 1077887.46 |   924645.00 |   153242.46 |        7069 |        6974 |       8037 | 152.48 |            1.014 |           1.137 |             14.22 |
| 2018-02 |  966168.41 |   826437.13 |   139731.28 |        6555 |        6400 |       7518 | 147.39 |            1.024 |           1.147 |             14.46 |
| 2018-03 | 1120598.24 |   953356.25 |   167241.99 |        7003 |        6914 |       8017 | 160.02 |            1.013 |           1.145 |             14.92 |
| 2018-04 | 1132878.93 |   973534.09 |   159344.84 |        6798 |        6744 |       7827 | 166.65 |            1.008 |           1.151 |             14.07 |
| 2018-05 | 1128774.52 |   977544.69 |   151229.83 |        6749 |        6693 |       7810 | 167.25 |            1.008 |           1.157 |             13.40 |
| 2018-06 | 1011978.29 |   856077.86 |   155900.43 |        6099 |        6061 |       7010 | 165.93 |            1.006 |           1.149 |             15.41 |
| 2018-07 | 1027807.28 |   867953.46 |   159853.82 |        6159 |        6100 |       6963 | 166.88 |            1.010 |           1.131 |             15.55 |
| 2018-08 |  985491.64 |   838576.64 |   146915.00 |        6351 |        6310 |       7142 | 155.17 |            1.006 |           1.125 |             14.91 |
+---------+------------+-------------+-------------+-------------+-------------+------------+--------+------------------+-----------------+-------------------+
+---------+------------+------------+------------+-------------+-------------+------------------+--------+----------+--------------------+------------+--------------------+-----------------+
| month   | gmv        | prev_gmv   | gmv_delta  | gmv_mom_pct | order_count | prev_order_count | aov    | prev_aov | order_count_effect | aov_effect | interaction_effect | main_driver     |
+---------+------------+------------+------------+-------------+-------------+------------------+--------+----------+--------------------+------------+--------------------+-----------------+
| 2016-09 |     143.46 |       NULL |       NULL |        NULL |           1 |             NULL | 143.46 |     NULL |               NULL |       NULL |               NULL | 首月无环比      |
| 2016-10 |   45831.82 |     143.46 |   45688.36 |    31847.46 |         261 |                1 | 175.60 |   143.46 |           37299.60 |      32.14 |            8356.62 | 订单量主导      |
| 2016-12 |      19.62 |   45831.82 |  -45812.20 |      -99.96 |           1 |              261 |  19.62 |   175.60 |          -45656.22 |  -40711.00 |           40555.02 | 订单量主导      |
| 2017-01 |  127275.72 |      19.62 |  127256.10 |   648603.98 |         749 |                1 | 169.93 |    19.62 |           14675.76 |     150.31 |          112430.03 | 订单量主导      |
| 2017-02 |  270783.43 |  127275.72 |  143507.71 |      112.75 |        1651 |              749 | 164.01 |   169.93 |          153274.63 |   -4430.90 |           -5336.02 | 订单量主导      |
| 2017-03 |  414216.88 |  270783.43 |  143433.45 |       52.97 |        2545 |             1651 | 162.76 |   164.01 |          146626.52 |   -2071.42 |           -1121.65 | 订单量主导      |
| 2017-04 |  390812.40 |  414216.88 |  -23404.48 |       -5.65 |        2303 |             2545 | 169.70 |   162.76 |          -39387.22 |   17662.22 |           -1679.47 | 订单量主导      |
| 2017-05 |  566530.61 |  390812.40 |  175718.21 |       44.96 |        3545 |             2303 | 159.81 |   169.70 |          210763.79 |  -22767.27 |          -12278.31 | 订单量主导      |
| 2017-06 |  489871.24 |  566530.61 |  -76659.37 |      -13.53 |        3134 |             3545 | 156.31 |   159.81 |          -65682.39 |  -12416.52 |            1439.55 | 订单量主导      |
| 2017-07 |  564236.13 |  489871.24 |   74364.89 |       15.18 |        3861 |             3134 | 146.14 |   156.31 |          113636.37 |  -31876.93 |           -7394.55 | 订单量主导      |
| 2017-08 |  645293.97 |  564236.13 |   81057.84 |       14.37 |        4191 |             3861 | 153.97 |   146.14 |           48225.31 |   30247.29 |            2585.24 | 订单量主导      |
| 2017-09 |  701077.49 |  645293.97 |   55783.52 |        8.64 |        4150 |             4191 | 168.93 |   153.97 |           -6312.83 |   62709.83 |            -613.48 | 客单价主导      |
| 2017-10 |  751117.01 |  701077.49 |   50039.52 |        7.14 |        4478 |             4150 | 167.73 |   168.93 |           55410.46 |   -4977.53 |            -393.41 | 订单量主导      |
| 2017-11 | 1153364.20 |  751117.01 |  402247.19 |       53.55 |        7289 |             4478 | 158.23 |   167.73 |          471502.89 |  -42547.26 |          -26708.43 | 订单量主导      |
| 2017-12 |  843078.29 | 1153364.20 | -310285.91 |      -26.90 |        5513 |             7289 | 152.93 |   158.23 |         -281022.75 |  -38690.22 |            9427.06 | 订单量主导      |
| 2018-01 | 1077887.46 |  843078.29 |  234809.17 |       27.85 |        7069 |             5513 | 152.48 |   152.93 |          237952.08 |   -2451.11 |            -691.81 | 订单量主导      |
| 2018-02 |  966168.41 | 1077887.46 | -111719.05 |      -10.36 |        6555 |             7069 | 147.39 |   152.48 |          -78375.18 |  -35958.48 |            2614.61 | 订单量主导      |
| 2018-03 | 1120598.24 |  966168.41 |  154429.83 |       15.98 |        7003 |             6555 | 160.02 |   147.39 |           66032.56 |   82742.26 |            5655.00 | 客单价主导      |
| 2018-04 | 1132878.93 | 1120598.24 |   12280.69 |        1.10 |        6798 |             7003 | 166.65 |   160.02 |          -32803.46 |   46443.71 |           -1359.55 | 客单价主导      |
| 2018-05 | 1128774.52 | 1132878.93 |   -4104.41 |       -0.36 |        6749 |             6798 | 167.25 |   166.65 |           -8165.79 |    4090.87 |             -29.49 | 订单量主导      |
| 2018-06 | 1011978.29 | 1128774.52 | -116796.23 |      -10.35 |        6099 |             6749 | 165.93 |   167.25 |         -108712.91 |   -8944.80 |             861.48 | 订单量主导      |
| 2018-07 | 1027807.28 | 1011978.29 |   15828.99 |        1.56 |        6159 |             6099 | 166.88 |   165.93 |            9955.52 |    5816.26 |              57.22 | 订单量主导      |
| 2018-08 |  985491.64 | 1027807.28 |  -42315.64 |       -4.12 |        6351 |             6159 | 155.17 |   166.88 |           32040.75 |  -72108.49 |           -2247.90 | 客单价主导      |
+---------+------------+------------+------------+-------------+-------------+------------------+--------+----------+--------------------+------------+--------------------+-----------------+
+---------+-------------+------------------+-------------+-------------+------------------+-------------+------------------+-----------------------+------------------------+-----------------------+
| month   | order_count | prev_order_count | order_delta | buyer_count | prev_buyer_count | buyer_delta | orders_per_buyer | prev_orders_per_buyer | orders_per_buyer_delta | order_driver          |
+---------+-------------+------------------+-------------+-------------+------------------+-------------+------------------+-----------------------+------------------------+-----------------------+
| 2016-09 |           1 |             NULL |        NULL |           1 |             NULL |        NULL |            1.000 |                  NULL |                   NULL | 首月无环比            |
| 2016-10 |         261 |                1 |         260 |         258 |                1 |         257 |            1.012 |                 1.000 |                 0.0116 | 购买用户数主导        |
| 2016-12 |           1 |              261 |        -260 |           1 |              258 |        -257 |            1.000 |                 1.012 |                -0.0116 | 购买用户数主导        |
| 2017-01 |         749 |                1 |         748 |         718 |                1 |         717 |            1.043 |                 1.000 |                 0.0432 | 购买用户数主导        |
| 2017-02 |        1651 |              749 |         902 |        1628 |              718 |         910 |            1.014 |                 1.043 |                -0.0291 | 购买用户数主导        |
| 2017-03 |        2545 |             1651 |         894 |        2507 |             1628 |         879 |            1.015 |                 1.014 |                 0.0011 | 购买用户数主导        |
| 2017-04 |        2303 |             2545 |        -242 |        2274 |             2507 |        -233 |            1.013 |                 1.015 |                -0.0024 | 购买用户数主导        |
| 2017-05 |        3545 |             2303 |        1242 |        3478 |             2274 |        1204 |            1.019 |                 1.013 |                 0.0065 | 购买用户数主导        |
| 2017-06 |        3134 |             3545 |        -411 |        3075 |             3478 |        -403 |            1.019 |                 1.019 |                -0.0001 | 购买用户数主导        |
| 2017-07 |        3861 |             3134 |         727 |        3791 |             3075 |         716 |            1.019 |                 1.019 |                -0.0007 | 购买用户数主导        |
| 2017-08 |        4191 |             3861 |         330 |        4112 |             3791 |         321 |            1.019 |                 1.019 |                 0.0007 | 购买用户数主导        |
| 2017-09 |        4150 |             4191 |         -41 |        4083 |             4112 |         -29 |            1.016 |                 1.019 |                -0.0028 | 购买用户数主导        |
| 2017-10 |        4478 |             4150 |         328 |        4417 |             4083 |         334 |            1.014 |                 1.016 |                -0.0026 | 购买用户数主导        |
| 2017-11 |        7289 |             4478 |        2811 |        7183 |             4417 |        2766 |            1.015 |                 1.014 |                 0.0010 | 购买用户数主导        |
| 2017-12 |        5513 |             7289 |       -1776 |        5450 |             7183 |       -1733 |            1.012 |                 1.015 |                -0.0032 | 购买用户数主导        |
| 2018-01 |        7069 |             5513 |        1556 |        6974 |             5450 |        1524 |            1.014 |                 1.012 |                 0.0020 | 购买用户数主导        |
| 2018-02 |        6555 |             7069 |        -514 |        6400 |             6974 |        -574 |            1.024 |                 1.014 |                 0.0106 | 购买用户数主导        |
| 2018-03 |        7003 |             6555 |         448 |        6914 |             6400 |         514 |            1.013 |                 1.024 |                -0.0113 | 购买用户数主导        |
| 2018-04 |        6798 |             7003 |        -205 |        6744 |             6914 |        -170 |            1.008 |                 1.013 |                -0.0049 | 购买用户数主导        |
| 2018-05 |        6749 |             6798 |         -49 |        6693 |             6744 |         -51 |            1.008 |                 1.008 |                 0.0004 | 购买用户数主导        |
| 2018-06 |        6099 |             6749 |        -650 |        6061 |             6693 |        -632 |            1.006 |                 1.008 |                -0.0021 | 购买用户数主导        |
| 2018-07 |        6159 |             6099 |          60 |        6100 |             6061 |          39 |            1.010 |                 1.006 |                 0.0034 | 购买用户数主导        |
| 2018-08 |        6351 |             6159 |         192 |        6310 |             6100 |         210 |            1.007 |                 1.010 |                -0.0032 | 购买用户数主导        |
+---------+-------------+------------------+-------------+-------------+------------------+-------------+------------------+-----------------------+------------------------+-----------------------+
+---------+------------+-------------+-------------+--------+------------------+-------------+---------------+-------------+
| month   | gmv        | order_count | buyer_count | aov    | orders_per_buyer | gmv_mom_pct | order_mom_pct | aov_mom_pct |
+---------+------------+-------------+-------------+--------+------------------+-------------+---------------+-------------+
| 2017-09 |  701077.49 |        4150 |        4083 | 168.93 |            1.016 |        NULL |          NULL |        NULL |
| 2017-10 |  751117.01 |        4478 |        4417 | 167.73 |            1.014 |        7.14 |          7.90 |       -0.71 |
| 2017-11 | 1153364.20 |        7289 |        7183 | 158.23 |            1.015 |       53.55 |         62.77 |       -5.66 |
| 2017-12 |  843078.29 |        5513 |        5450 | 152.93 |            1.012 |      -26.90 |        -24.37 |       -3.35 |
| 2018-01 | 1077887.46 |        7069 |        6974 | 152.48 |            1.014 |       27.85 |         28.22 |       -0.29 |
+---------+------------+-------------+-------------+--------+------------------+-------------+---------------+-------------+
+----------------------------------+-------------+-------------+-----------+----------------+----------------+-------------+-------------+---------------------------+
| category_name                    | gmv_2017_10 | gmv_2017_11 | gmv_delta | orders_2017_10 | orders_2017_11 | order_delta | aov_2017_11 | contribution_to_delta_pct |
+----------------------------------+-------------+-------------+-----------+----------------+----------------+-------------+-------------+---------------------------+
| bed_bath_table                  |    55209.90 |   104963.58 |  49753.68 |            442 |            804 |         362 |      130.55 |                     11.27 |
| health_beauty                   |    47414.29 |    88629.80 |  41215.51 |            322 |            519 |         197 |      170.77 |                      9.34 |
| furniture_decor                 |    37464.13 |    76687.92 |  39223.79 |            266 |            536 |         270 |      143.07 |                      8.88 |
| toys                            |    38266.61 |    71922.79 |  33656.18 |            272 |            443 |         171 |      162.35 |                      7.62 |
| watches_gifts                   |    69770.94 |   103135.30 |  33364.36 |            282 |            424 |         142 |      243.24 |                      7.56 |
| computers_accessories           |    48090.44 |    79910.93 |  31820.49 |            253 |            431 |         178 |      185.41 |                      7.21 |
| garden_tools                    |    32303.84 |    56437.34 |  24133.50 |            213 |            430 |         217 |      131.25 |                      5.47 |
| housewares                      |    20080.03 |    42279.36 |  22199.33 |            188 |            345 |         157 |      122.55 |                      5.03 |
| perfumery                       |    20032.37 |    36403.98 |  16371.61 |            175 |            287 |         112 |      126.84 |                      3.71 |
| sports_leisure                  |    56797.18 |    73149.22 |  16352.04 |            417 |            542 |         125 |      134.96 |                      3.70 |
| auto                            |    24822.67 |    40367.66 |  15544.99 |            130 |            242 |         112 |      166.81 |                      3.52 |
| cool_stuff                      |    50525.41 |    62263.06 |  11737.65 |            242 |            286 |          44 |      217.70 |                      2.66 |
| agro_industry_and_commerce      |     3558.43 |    14610.32 |  11051.89 |              5 |             13 |           8 |     1123.87 |                      2.50 |
| musical_instruments             |     6765.82 |    17060.47 |  10294.65 |             19 |             41 |          22 |      416.11 |                      2.33 |
| stationery                      |     9530.39 |    19804.85 |  10274.46 |             89 |            149 |          60 |      132.92 |                      2.33 |
| electronics                     |     4467.93 |    12885.15 |   8417.22 |             55 |            163 |         108 |       79.05 |                      1.91 |
| telephony                       |    24617.31 |    31817.78 |   7200.47 |            220 |            343 |         123 |       92.76 |                      1.63 |
| fashion_bags_accessories        |     9180.81 |    15507.36 |   6326.55 |             93 |            178 |          85 |       87.12 |                      1.43 |
| furniture_living_room           |     2008.98 |     7657.90 |   5648.92 |             13 |             29 |          16 |      264.07 |                      1.28 |
| construction_tools_construction |     3024.83 |     8596.29 |   5571.46 |             15 |             36 |          21 |      238.79 |                      1.26 |
+----------------------------------+-------------+-------------+-----------+----------------+----------------+-------------+-------------+---------------------------+
+---------+---------------------+--------------------+---------------+---------------------------------------+
| month   | first_purchase_date | last_purchase_date | observed_days | month_completeness_flag               |
+---------+---------------------+--------------------+---------------+---------------------------------------+
| 2016-09 | 2016-09-04          | 2016-09-15         |             4 | 不完整月份,趋势解读需谨慎             |
| 2016-10 | 2016-10-02          | 2016-10-22         |            10 | 不完整月份,趋势解读需谨慎             |
| 2016-12 | 2016-12-23          | 2016-12-23         |             1 | 不完整月份,趋势解读需谨慎             |
| 2017-01 | 2017-01-05          | 2017-01-31         |            27 | 不完整月份,趋势解读需谨慎             |
| 2017-02 | 2017-02-01          | 2017-02-28         |            28 | 完整月份                              |
| 2017-03 | 2017-03-01          | 2017-03-31         |            31 | 完整月份                              |
| 2017-04 | 2017-04-01          | 2017-04-30         |            30 | 完整月份                              |
| 2017-05 | 2017-05-01          | 2017-05-31         |            31 | 完整月份                              |
| 2017-06 | 2017-06-01          | 2017-06-30         |            30 | 完整月份                              |
| 2017-07 | 2017-07-01          | 2017-07-31         |            31 | 完整月份                              |
| 2017-08 | 2017-08-01          | 2017-08-31         |            31 | 完整月份                              |
| 2017-09 | 2017-09-01          | 2017-09-30         |            30 | 完整月份                              |
| 2017-10 | 2017-10-01          | 2017-10-31         |            31 | 完整月份                              |
| 2017-11 | 2017-11-01          | 2017-11-30         |            30 | 完整月份                              |
| 2017-12 | 2017-12-01          | 2017-12-31         |            31 | 完整月份                              |
| 2018-01 | 2018-01-01          | 2018-01-31         |            31 | 完整月份                              |
| 2018-02 | 2018-02-01          | 2018-02-28         |            28 | 完整月份                              |
| 2018-03 | 2018-03-01          | 2018-03-31         |            31 | 完整月份                              |
| 2018-04 | 2018-04-01          | 2018-04-30         |            30 | 完整月份                              |
| 2018-05 | 2018-05-01          | 2018-05-31         |            31 | 完整月份                              |
| 2018-06 | 2018-06-01          | 2018-06-30         |            30 | 完整月份                              |
| 2018-07 | 2018-07-01          | 2018-07-31         |            31 | 完整月份                              |
| 2018-08 | 2018-08-01          | 2018-08-31         |            31 | 完整月份                              |
| 2018-09 | 2018-09-03          | 2018-09-29         |            11 | 不完整月份,趋势解读需谨慎             |
| 2018-10 | 2018-10-01          | 2018-10-17         |             4 | 不完整月份,趋势解读需谨慎             |
+---------+---------------------+--------------------+---------------+---------------------------------------+
