+----------------+------------+-------------+-------------+-----------+--------+------------------+-------------------+---------------+
| customer_state | gmv        | order_count | buyer_count | sku_count | aov    | orders_per_buyer | freight_share_pct | gmv_share_pct |
+----------------+------------+-------------+-------------+-----------+--------+------------------+-------------------+---------------+
| SP             | 5767167.51 |       40487 |       39144 |     18695 | 142.44 |            1.034 |             12.17 |         37.41 |
| RJ             | 2055290.35 |       12349 |       11916 |      7672 | 166.43 |            1.036 |             14.39 |         13.33 |
| MG             | 1817797.19 |       11349 |       10996 |      7205 | 160.17 |            1.032 |             14.65 |         11.79 |
| RS             |  861285.20 |        5344 |        5167 |      3938 | 161.17 |            1.034 |             15.39 |          5.59 |
| PR             |  781708.80 |        4923 |        4769 |      3703 | 158.79 |            1.032 |             14.79 |          5.07 |
| SC             |  594520.00 |        3544 |        3447 |      2737 | 167.75 |            1.028 |             14.79 |          3.86 |
| BA             |  591137.81 |        3256 |        3158 |      2569 | 181.55 |            1.031 |             16.50 |          3.83 |
| DF             |  346123.35 |        2080 |        2019 |      1764 | 166.41 |            1.030 |             14.34 |          2.25 |
| GO             |  334212.35 |        1957 |        1895 |      1650 | 170.78 |            1.033 |             15.37 |          2.17 |
| ES             |  317657.93 |        1995 |        1928 |      1648 | 159.23 |            1.035 |             15.43 |          2.06 |
| PE             |  308972.05 |        1593 |        1551 |      1318 | 193.96 |            1.027 |             18.47 |          2.00 |
| CE             |  266436.77 |        1279 |        1258 |      1078 | 208.32 |            1.017 |             17.52 |          1.73 |
| PA             |  212023.57 |         946 |         922 |       864 | 224.13 |            1.026 |             17.71 |          1.38 |
| MT             |  181224.42 |         886 |         856 |       841 | 204.54 |            1.035 |             16.02 |          1.18 |
| MA             |  147803.55 |         717 |         700 |       657 | 206.14 |            1.024 |             20.83 |          0.96 |
| PB             |  137838.55 |         517 |         504 |       481 | 266.61 |            1.026 |             18.32 |          0.89 |
| MS             |  134367.55 |         701 |         681 |       647 | 191.68 |            1.029 |             14.09 |          0.87 |
| PI             |  105178.19 |         476 |         464 |       446 | 220.96 |            1.026 |             19.45 |          0.68 |
| RN             |  100714.78 |         474 |         464 |       434 | 212.48 |            1.022 |             18.48 |          0.65 |
| AL             |   94172.49 |         397 |         387 |       365 | 237.21 |            1.026 |             16.26 |          0.61 |
| SE             |   70289.13 |         335 |         329 |       303 | 209.82 |            1.018 |             19.51 |          0.46 |
| TO             |   60007.37 |         274 |         267 |       273 | 219.01 |            1.026 |             19.34 |          0.39 |
| RO             |   56966.00 |         243 |         231 |       250 | 234.43 |            1.052 |             19.81 |          0.37 |
| AM             |   27585.47 |         145 |         140 |       145 | 190.24 |            1.036 |             19.68 |          0.18 |
| AC             |   19575.33 |          80 |          76 |        81 | 244.69 |            1.053 |             18.62 |          0.13 |
| AP             |   16141.81 |          67 |          66 |        69 | 240.92 |            1.015 |             17.14 |          0.10 |
| RR             |    9039.52 |          41 |          40 |        38 | 220.48 |            1.025 |             21.93 |          0.06 |
+----------------+------------+-------------+-------------+-----------+--------+------------------+-------------------+---------------+
+----------------+------------------+---------------------+-------------------+-------------------------+--------------------+------------------------+--------------------------+
| customer_state | delivered_orders | avg_processing_days | avg_shipping_days | avg_total_delivery_days | avg_estimated_days | late_delivery_rate_pct | avg_days_before_estimate |
+----------------+------------------+---------------------+-------------------+-------------------------+--------------------+------------------------+--------------------------+
| RR             |               41 |                3.33 |             25.62 |                   29.36 |              45.96 |                  12.20 |                    16.58 |
| AP             |               67 |                2.86 |             23.64 |                   27.17 |              46.22 |                   4.48 |                    19.04 |
| AM             |              145 |                2.48 |             23.50 |                   26.40 |              45.26 |                   4.14 |                    18.83 |
| AL             |              397 |                2.95 |             21.06 |                   24.52 |              32.56 |                  23.93 |                     8.02 |
| PA             |              946 |                2.96 |             20.27 |                   23.75 |              37.14 |                  12.37 |                    13.37 |
| MA             |              716 |                3.01 |             17.96 |                   21.56 |              30.43 |                  19.69 |                     8.85 |
| SE             |              335 |                3.13 |             17.93 |                   21.50 |              30.83 |                  15.22 |                     9.31 |
| CE             |             1278 |                2.84 |             17.91 |                   21.25 |              31.35 |                  15.34 |                    10.09 |
| AC             |               80 |                2.83 |             17.53 |                   21.02 |              41.09 |                   3.75 |                    20.06 |
| PB             |              517 |                2.89 |             16.90 |                   20.41 |              33.01 |                  11.03 |                    12.58 |
| PI             |              476 |                2.74 |             16.26 |                   19.44 |              30.07 |                  15.97 |                    10.62 |
| RO             |              243 |                2.27 |             16.50 |                   19.35 |              38.75 |                   2.88 |                    19.38 |
| BA             |             3256 |                2.79 |             16.02 |                   19.31 |              29.41 |                  14.04 |                    10.08 |
| RN             |              474 |                3.11 |             15.66 |                   19.26 |              32.22 |                  10.76 |                    12.95 |
| PE             |             1593 |                2.81 |             15.15 |                   18.43 |              31.04 |                  10.80 |                    12.59 |
| MT             |              886 |                2.57 |             14.89 |                   18.03 |              31.72 |                   6.77 |                    13.67 |
| TO             |              274 |                2.84 |             14.24 |                   17.64 |              29.08 |                  12.77 |                    11.43 |
| ES             |             1995 |                2.92 |             12.39 |                   15.77 |              25.57 |                  12.23 |                     9.78 |
| MS             |              701 |                2.70 |             12.43 |                   15.60 |              25.95 |                  11.55 |                    10.34 |
| GO             |             1957 |                2.62 |             12.42 |                   15.59 |              27.07 |                   8.18 |                    11.47 |
| RJ             |            12347 |                2.90 |             11.99 |                   15.29 |              26.34 |                  13.48 |                    11.04 |
| RS             |             5341 |                2.71 |             12.06 |                   15.28 |              28.49 |                   7.15 |                    13.19 |
| SC             |             3544 |                2.83 |             11.62 |                   14.94 |              25.73 |                   9.76 |                    10.78 |
| DF             |             2080 |                2.72 |              9.78 |                   12.95 |              24.29 |                   7.07 |                    11.32 |
| MG             |            11346 |                2.80 |              8.76 |                   11.99 |              24.52 |                   5.61 |                    12.51 |
| PR             |             4923 |                2.74 |              8.76 |                   11.97 |              24.59 |                   5.00 |                    12.60 |
| SP             |            40474 |                2.73 |              5.58 |                    8.74 |              19.11 |                   5.90 |                    10.36 |
+----------------+------------------+---------------------+-------------------+-------------------------+--------------------+------------------------+--------------------------+
+----------------+-----------------+------------------+---------------------+-----------------------+-----------------+------------------+-----------------+
| customer_state | reviewed_orders | avg_review_score | bad_review_rate_pct | early_review_rate_pct | early_avg_score | normal_avg_score | early_score_gap |
+----------------+-----------------+------------------+---------------------+-----------------------+-----------------+------------------+-----------------+
| AL             |             394 |             3.85 |               21.32 |                 20.56 |            2.15 |             4.29 |           -2.15 |
| MA             |             712 |             3.83 |               19.94 |                 17.98 |            2.42 |             4.14 |           -1.72 |
| CE             |            1273 |             3.94 |               17.28 |                 16.65 |            2.42 |             4.25 |           -1.83 |
| SE             |             334 |             3.91 |               18.86 |                 14.97 |            2.02 |             4.24 |           -2.22 |
| PI             |             471 |             3.99 |               16.14 |                 14.65 |            2.57 |             4.24 |           -1.67 |
| RR             |              41 |             3.90 |               14.63 |                 14.63 |            2.33 |             4.17 |           -1.84 |
| PA             |             933 |             3.91 |               18.11 |                 13.83 |            2.45 |             4.14 |           -1.69 |
| RJ             |           12210 |             3.97 |               18.39 |                 13.56 |            2.24 |             4.24 |           -1.99 |
| BA             |            3229 |             3.93 |               17.06 |                 13.32 |            2.56 |             4.14 |           -1.58 |
| MS             |             699 |             4.16 |               13.30 |                 13.16 |            2.92 |             4.35 |           -1.43 |
| PE             |            1579 |             4.08 |               14.82 |                 12.35 |            2.66 |             4.28 |           -1.62 |
| ES             |            1969 |             4.08 |               13.81 |                 12.14 |            2.78 |             4.26 |           -1.48 |
| RN             |             471 |             4.15 |               12.95 |                 11.89 |            2.57 |             4.36 |           -1.79 |
| PB             |             512 |             4.08 |               14.84 |                 11.72 |            2.73 |             4.25 |           -1.52 |
| AC             |              80 |             4.09 |               15.00 |                 11.25 |            2.89 |             4.24 |           -1.35 |
| TO             |             273 |             4.15 |               12.09 |                 10.62 |            2.93 |             4.30 |           -1.37 |
| MT             |             879 |             4.15 |               12.74 |                  9.22 |            3.30 |             4.23 |           -0.93 |
| AP             |              66 |             4.24 |                6.06 |                  9.09 |            4.17 |             4.25 |           -0.08 |
| GO             |            1946 |             4.10 |               13.36 |                  8.89 |            2.84 |             4.23 |           -1.39 |
| RS             |            5325 |             4.19 |               11.94 |                  7.74 |            2.72 |             4.31 |           -1.59 |
| SC             |            3517 |             4.13 |               12.99 |                  7.68 |            2.34 |             4.28 |           -1.95 |
| DF             |            2070 |             4.13 |               13.33 |                  7.58 |            2.54 |             4.26 |           -1.72 |
| MG             |           11280 |             4.19 |               11.76 |                  6.74 |            3.06 |             4.28 |           -1.22 |
| SP             |           40252 |             4.25 |               10.70 |                  6.59 |            3.19 |             4.32 |           -1.13 |
| AM             |             144 |             4.24 |               13.19 |                  6.25 |            3.56 |             4.29 |           -0.73 |
| PR             |            4900 |             4.24 |               10.92 |                  6.22 |            3.35 |             4.30 |           -0.95 |
| RO             |             242 |             4.17 |               11.98 |                  5.37 |            3.38 |             4.21 |           -0.82 |
+----------------+-----------------+------------------+---------------------+-----------------------+-----------------+------------------+-----------------+
+------------+-----------+-------------+-------------+-------------------+-------------------------+---------------+--------+
| route_type | item_rows | order_count | gmv         | avg_shipping_days | avg_total_delivery_days | late_rate_pct | aov    |
+------------+-----------+-------------+-------------+-------------------+-------------------------+---------------+--------+
| 同州       |     39833 |       34806 |  4667223.42 |              4.73 |                    7.91 |          5.98 | 134.09 |
| 跨州       |     70305 |       61884 | 10746440.72 |             11.69 |                   15.03 |          9.00 | 173.65 |
+------------+-----------+-------------+-------------+-------------------+-------------------------+---------------+--------+
+----------------+--------------+------------+-------------+------------+-------------------+---------------+
| customer_state | seller_state | route_type | order_count | gmv        | avg_shipping_days | late_rate_pct |
+----------------+--------------+------------+-------------+------------+-------------------+---------------+
| PA             | MG           | 跨州       |          84 |   17039.21 |             23.59 |         19.05 |
| AM             | SP           | 跨州       |          99 |   16380.26 |             23.30 |          5.05 |
| CE             | RJ           | 跨州       |          54 |   14192.52 |             22.57 |         25.93 |
| PA             | PR           | 跨州       |          54 |   19853.91 |             21.77 |         12.96 |
| AL             | SP           | 跨州       |         256 |   50973.66 |             21.21 |         26.95 |
| CE             | PR           | 跨州       |          64 |   17806.86 |             21.17 |         14.06 |
| PA             | SP           | 跨州       |         683 |  136769.54 |             19.89 |         14.49 |
| MA             | SP           | 跨州       |         493 |   88319.64 |             18.38 |         24.75 |
| BA             | SC           | 跨州       |          79 |   22618.01 |             18.19 |         12.66 |
| SE             | SP           | 跨州       |         208 |   42496.10 |             17.68 |         20.67 |
| CE             | SP           | 跨州       |         970 |  183470.44 |             17.56 |         17.32 |
| BA             | PR           | 跨州       |         144 |   41228.49 |             17.51 |         17.36 |
| MT             | MG           | 跨州       |          53 |   13671.54 |             17.45 |          7.55 |
| AC             | SP           | 跨州       |          57 |   12970.60 |             17.32 |          3.51 |
| RO             | SP           | 跨州       |         169 |   34287.97 |             17.00 |          5.33 |
| RN             | SP           | 跨州       |         334 |   68568.71 |             16.92 |         12.87 |
| PI             | SP           | 跨州       |         329 |   63418.07 |             16.92 |         19.76 |
| PB             | SP           | 跨州       |         337 |   82812.13 |             16.84 |         11.87 |
| CE             | MG           | 跨州       |          74 |   13041.42 |             16.59 |         12.16 |
| BA             | SP           | 跨州       |        2313 |  375248.90 |             16.32 |         16.77 |
| MA             | MG           | 跨州       |          64 |   12239.02 |             16.25 |         18.75 |
| PE             | PR           | 跨州       |          86 |   26483.68 |             15.94 |         13.95 |
| GO             | SC           | 跨州       |          56 |   19402.53 |             15.75 |         10.71 |
| PE             | SP           | 跨州       |        1134 |  196526.45 |             15.39 |         11.11 |
| BA             | MG           | 跨州       |         368 |   55860.44 |             14.93 |         11.14 |
| MT             | PR           | 跨州       |          62 |   18254.77 |             14.86 |          4.84 |
| MT             | SP           | 跨州       |         653 |  115293.28 |             14.37 |          7.81 |
| BA             | RJ           | 跨州       |         135 |   30485.31 |             14.00 |         11.11 |
| TO             | SP           | 跨州       |         198 |   43925.84 |             13.89 |         14.14 |
| RS             | MG           | 跨州       |         281 |   45384.96 |             13.75 |          5.34 |
| ES             | PR           | 跨州       |         110 |   26498.31 |             13.69 |          9.09 |
| PE             | MG           | 跨州       |         110 |   16360.34 |             13.45 |          8.18 |
| RJ             | PR           | 跨州       |         978 |  171589.93 |             13.44 |         14.93 |
| SC             | MG           | 跨州       |         253 |   42836.77 |             13.40 |          9.88 |
| PE             | RJ           | 跨州       |          92 |   26128.36 |             13.24 |         14.13 |
| RS             | RJ           | 跨州       |         200 |   40032.53 |             12.93 |         10.50 |
| RJ             | SC           | 跨州       |         474 |   91748.24 |             12.84 |         11.39 |
| RS             | SP           | 跨州       |        3612 |  524530.38 |             12.70 |          8.28 |
| DF             | RJ           | 跨州       |          99 |   19614.07 |             12.67 |         12.12 |
| MS             | SP           | 跨州       |         478 |   84664.69 |             12.65 |         15.69 |
| RJ             | SP           | 跨州       |        8188 | 1256630.90 |             12.58 |         17.05 |
| GO             | RJ           | 跨州       |         109 |   21766.77 |             12.56 |          8.26 |
| GO             | SP           | 跨州       |        1424 |  220854.40 |             12.54 |         10.18 |
| MS             | MG           | 跨州       |          63 |   12908.69 |             12.51 |          6.35 |
| SC             | SP           | 跨州       |        2334 |  359110.76 |             12.47 |         12.25 |
| ES             | SP           | 跨州       |        1467 |  218051.20 |             12.31 |         15.47 |
| ES             | SC           | 跨州       |          52 |   10507.28 |             12.07 |          3.85 |
| GO             | PR           | 跨州       |          87 |   20972.80 |             12.05 |          4.60 |
| ES             | MG           | 跨州       |         175 |   25621.32 |             11.72 |          7.43 |
| SC             | RJ           | 跨州       |         113 |   25233.88 |             11.67 |         11.50 |
+----------------+--------------+------------+-------------+------------+-------------------+---------------+
+----------------+------------+-------------+-------------+--------+-------------------------+------------------+---------------------+--------------------------+
| customer_state | gmv        | order_count | buyer_count | aov    | avg_total_delivery_days | avg_review_score | bad_review_rate_pct | geo_segment              |
+----------------+------------+-------------+-------------+--------+-------------------------+------------------+---------------------+--------------------------+
| SP             | 5767167.51 |       40487 |       39144 | 142.44 |                    8.74 |             4.25 |               10.67 | 核心健康市场             |
| RJ             | 2055290.35 |       12349 |       11916 | 166.43 |                   15.29 |             3.96 |               18.36 | 高价值待治理市场         |
| MG             | 1817797.19 |       11349 |       10996 | 160.17 |                   11.99 |             4.19 |               11.73 | 核心健康市场             |
| RS             |  861285.20 |        5344 |        5167 | 161.17 |                   15.28 |             4.19 |               11.90 | 高价值待治理市场         |
| PR             |  781708.80 |        4923 |        4769 | 158.79 |                   11.97 |             4.24 |               10.92 | 核心健康市场             |
| SC             |  594520.00 |        3544 |        3447 | 167.75 |                   14.94 |             4.13 |               13.03 | 常规市场                 |
| BA             |  591137.81 |        3256 |        3158 | 181.55 |                   19.31 |             3.93 |               17.01 | 高价值待治理市场         |
| DF             |  346123.35 |        2080 |        2019 | 166.41 |                   12.95 |             4.13 |               13.21 | 常规市场                 |
| GO             |  334212.35 |        1957 |        1895 | 170.78 |                   15.59 |             4.10 |               13.25 | 常规市场                 |
| ES             |  317657.93 |        1995 |        1928 | 159.23 |                   15.77 |             4.08 |               13.75 | 常规市场                 |
| PE             |  308972.05 |        1593 |        1551 | 193.96 |                   18.43 |             4.09 |               14.72 | 物流治理市场             |
| CE             |  266436.77 |        1279 |        1258 | 208.32 |                   21.25 |             3.94 |               17.32 | 物流治理市场             |
| PA             |  212023.57 |         946 |         922 | 224.13 |                   23.75 |             3.91 |               18.00 | 物流治理市场             |
| MT             |  181224.42 |         886 |         856 | 204.54 |                   18.03 |             4.15 |               12.70 | 物流治理市场             |
| MA             |  147803.55 |         717 |         700 | 206.14 |                   21.55 |             3.84 |               19.83 | 物流治理市场             |
| PB             |  137838.55 |         517 |         504 | 266.61 |                   20.41 |             4.08 |               14.81 | 物流治理市场             |
| MS             |  134367.55 |         701 |         681 | 191.68 |                   15.60 |             4.17 |               13.10 | 常规市场                 |
| PI             |  105178.19 |         476 |         464 | 220.96 |                   19.44 |             4.00 |               16.10 | 物流治理市场             |
| RN             |  100714.78 |         474 |         464 | 212.48 |                   19.26 |             4.15 |               12.90 | 物流治理市场             |
| AL             |   94172.49 |         397 |         387 | 237.21 |                   24.52 |             3.84 |               21.36 | 物流治理市场             |
| SE             |   70289.13 |         335 |         329 | 209.82 |                   21.50 |             3.91 |               18.86 | 物流治理市场             |
| TO             |   60007.37 |         274 |         267 | 219.01 |                   17.64 |             4.15 |               12.09 | 常规市场                 |
| RO             |   56966.00 |         243 |         231 | 234.43 |                   19.35 |             4.17 |               11.98 | 物流治理市场             |
| AM             |   27585.47 |         145 |         140 | 190.24 |                   26.40 |             4.22 |               13.79 | 物流治理市场             |
| AC             |   19575.33 |          80 |          76 | 244.69 |                   21.02 |             4.09 |               15.00 | 物流治理市场             |
| AP             |   16141.81 |          67 |          66 | 240.92 |                   27.17 |             4.24 |                6.06 | 物流治理市场             |
| RR             |    9039.52 |          41 |          40 | 220.48 |                   29.36 |             3.90 |               14.63 | 物流治理市场             |
+----------------+------------+-------------+-------------+--------+-------------------------+------------------+---------------------+--------------------------+
